time_s,heading_deg,groundspeed_kt,el_ft_msl,alt_ft_msl,alt_ft_agl,altRate_fps,lat_deg,lon_deg,AirspaceClass,AirspaceName
0.000,90.007,0.000,150.000,150.000,0.000,16.000,42.4871077032608966,-70.9737752005419793,O,
15.625,90.007,50.000,150.000,400.000,250.000,0.000,42.4871077032608966,-70.9737752005419793,O,
16.062,90.007,50.000,154.000,400.000,246.000,0.000,42.4871076909592702,-70.9736381439297901,O,
16.499,90.007,50.000,158.000,400.000,242.000,0.000,42.4871076786576438,-70.9735010873176009,O,
16.936,90.007,50.000,163.000,400.000,237.000,0.000,42.4871076663560174,-70.9733640307054117,O,
17.373,90.007,50.000,168.000,400.000,232.000,0.000,42.4871076540543982,-70.9732269740932225,O,
17.810,90.007,50.000,174.000,400.000,226.000,16.000,42.4871076417527718,-70.9730899174810332,O,
18.246,90.007,50.000,178.000,416.000,238.000,0.000,42.4871076294511454,-70.9729528608688440,O,
18.683,90.007,50.000,181.000,416.000,235.000,0.000,42.4871076171495190,-70.9728158042566548,O,
19.120,90.007,50.000,180.000,416.000,236.000,0.000,42.4871076048478926,-70.9726787476444656,O,
19.557,90.007,50.000,178.000,416.000,238.000,0.000,42.4871075925462662,-70.9725416910322764,O,
19.994,90.007,50.000,175.000,416.000,241.000,0.000,42.4871075802446398,-70.9724046344200730,O,
20.431,90.007,50.000,172.000,416.000,244.000,0.000,42.4871075679430135,-70.9722675778078838,O,
20.868,90.007,50.000,169.000,416.000,247.000,0.000,42.4871075556413942,-70.9721305211956945,O,
21.305,90.007,50.000,166.000,416.000,250.000,0.000,42.4871075433397678,-70.9719934645835053,O,
21.742,90.007,50.000,165.000,416.000,251.000,0.000,42.4871075310381414,-70.9718564079713161,O,
22.179,90.007,50.000,165.000,416.000,251.000,0.000,42.4871075187365150,-70.9717193513591269,O,
22.616,90.007,50.000,163.000,416.000,253.000,0.000,42.4871075064348886,-70.9715822947469377,O,
23.053,90.007,50.000,159.000,416.000,257.000,0.000,42.4871074941332623,-70.9714452381347485,O,
23.489,90.007,50.000,157.000,416.000,259.000,0.000,42.4871074818316359,-70.9713081815225593,O,
23.926,90.007,50.000,156.000,416.000,260.000,0.000,42.4871074695300166,-70.9711711249103701,O,
24.363,90.007,50.000,154.000,416.000,262.000,0.000,42.4871074572283902,-70.9710340682981808,O,
24.800,90.007,50.000,151.000,416.000,265.000,0.000,42.4871074449267638,-70.9708970116859916,O,
25.237,90.007,50.000,149.000,416.000,267.000,0.000,42.4871074326251374,-70.9707599550738024,O,
25.674,90.007,50.000,146.000,416.000,270.000,0.000,42.4871074203235111,-70.9706228984616132,O,
26.111,90.007,50.000,142.000,416.000,274.000,-16.000,42.4871074080218847,-70.9704858418494240,O,
26.548,90.007,50.000,137.000,400.000,263.000,0.000,42.4871073957202583,-70.9703487852372348,O,
26.985,90.007,50.000,131.000,400.000,269.000,-16.000,42.4871073834186319,-70.9702117286250456,O,
27.422,90.007,50.000,124.000,384.000,260.000,0.000,42.4871073711170126,-70.9700746720128564,O,
27.859,90.007,50.000,117.000,384.000,267.000,0.000,42.4871073588153862,-70.9699376154006671,O,
28.296,90.007,50.000,111.000,384.000,273.000,-16.000,42.4871073465137599,-70.9698005587884779,O,
28.732,90.007,50.000,108.000,368.000,260.000,0.000,42.4871073342121335,-70.9696635021762745,O,
29.169,90.007,50.000,108.000,368.000,260.000,0.000,42.4871073219105071,-70.9695264455640853,O,
29.606,90.007,50.000,108.000,368.000,260.000,0.000,42.4871073096088807,-70.9693893889518961,O,
30.043,90.007,50.000,107.000,368.000,261.000,0.000,42.4871072973072543,-70.9692523323397069,O,
30.480,90.007,50.000,106.000,368.000,262.000,0.000,42.4871072850056350,-70.9691152757275177,O,
30.917,90.007,50.000,105.000,368.000,263.000,0.000,42.4871072727040087,-70.9689782191153284,O,
31.354,90.007,50.000,105.000,368.000,263.000,0.000,42.4871072604023823,-70.9688411625031392,O,
31.791,90.007,50.000,109.000,368.000,259.000,0.000,42.4871072481007559,-70.9687041058909500,O,
32.228,90.007,50.000,114.000,368.000,254.000,0.000,42.4871072357991295,-70.9685670492787608,O,
32.665,90.007,50.000,121.000,368.000,247.000,0.000,42.4871072234975031,-70.9684299926665716,O,
32.795,90.007,50.000,124.000,368.000,244.000,0.000,42.4871072198226543,-70.9683890499057526,O,
33.334,209.917,50.000,118.000,368.000,250.000,0.000,42.4869991667282036,-70.9684733650519348,O,
33.873,209.917,50.000,114.000,368.000,254.000,0.000,42.4868911136337530,-70.9685576801981171,O,
34.412,209.917,50.000,111.000,368.000,257.000,0.000,42.4867830605393024,-70.9686419953442993,O,
34.951,209.917,50.000,110.000,368.000,258.000,0.000,42.4866750074448518,-70.9687263104904815,O,
35.490,209.917,50.000,112.000,368.000,256.000,0.000,42.4865669543504012,-70.9688106256366780,O,
36.029,209.917,50.000,113.000,368.000,255.000,0.000,42.4864589012559506,-70.9688949407828602,O,
36.568,209.917,50.000,116.000,368.000,252.000,0.000,42.4863508481615000,-70.9689792559290424,O,
37.107,209.918,50.000,117.000,368.000,251.000,0.000,42.4862427950670494,-70.9690635710752247,O,
37.645,209.918,50.000,118.000,368.000,250.000,0.000,42.4861347419725988,-70.9691478862214069,O,
38.184,209.918,50.000,118.000,368.000,250.000,0.000,42.4860266888781481,-70.9692322013675891,O,
38.723,209.918,50.000,119.000,368.000,249.000,0.000,42.4859186357836975,-70.9693165165137714,O,
39.262,209.918,50.000,119.000,368.000,249.000,0.000,42.4858105826892469,-70.9694008316599536,O,
39.801,209.918,50.000,117.000,368.000,251.000,0.000,42.4857025295947963,-70.9694851468061358,O,
40.340,209.918,50.000,115.000,368.000,253.000,0.000,42.4855944765003457,-70.9695694619523181,O,
40.879,209.918,50.000,109.000,368.000,259.000,0.000,42.4854864234058951,-70.9696537770985145,O,
41.418,209.918,50.000,96.000,368.000,272.000,-16.000,42.4853783703114445,-70.9697380922446968,O,
41.957,209.918,50.000,89.000,352.000,263.000,0.000,42.4852703172169939,-70.9698224073908790,O,
42.496,209.918,50.000,89.000,352.000,263.000,0.000,42.4851622641225433,-70.9699067225370612,O,
43.035,209.918,50.000,89.000,352.000,263.000,0.000,42.4850542110280927,-70.9699910376832435,O,
43.574,209.918,50.000,89.000,352.000,263.000,0.000,42.4849461579336420,-70.9700753528294257,O,
44.112,209.918,50.000,89.000,352.000,263.000,0.000,42.4848381048391914,-70.9701596679756079,O,
44.651,209.918,50.000,89.000,352.000,263.000,0.000,42.4847300517447408,-70.9702439831217902,O,
45.190,209.918,50.000,89.000,352.000,263.000,0.000,42.4846219986502902,-70.9703282982679724,O,
45.729,209.918,50.000,89.000,352.000,263.000,0.000,42.4845139455558396,-70.9704126134141546,O,
46.268,209.918,50.000,89.000,352.000,263.000,0.000,42.4844058924613890,-70.9704969285603511,O,
46.807,209.918,50.000,89.000,352.000,263.000,0.000,42.4842978393669384,-70.9705812437065333,O,
47.346,209.918,50.000,89.000,352.000,263.000,0.000,42.4841897862724878,-70.9706655588527155,O,
47.885,209.918,50.000,89.000,352.000,263.000,0.000,42.4840817331780372,-70.9707498739988978,O,
48.424,209.918,50.000,89.000,352.000,263.000,0.000,42.4839736800835865,-70.9708341891450800,O,
48.963,209.918,50.000,89.000,352.000,263.000,0.000,42.4838656269891359,-70.9709185042912623,O,
49.502,209.919,50.000,89.000,352.000,263.000,0.000,42.4837575738946853,-70.9710028194374445,O,
50.012,209.919,50.000,89.000,352.000,263.000,0.000,42.4836552157207734,-70.9710826907677443,O,
50.551,330.094,50.000,89.000,352.000,263.000,0.000,42.4837632890766272,-70.9711669799417280,O,
51.090,330.094,50.000,89.000,352.000,263.000,0.000,42.4838713624324882,-70.9712512691157116,O,
51.629,330.094,50.000,89.000,352.000,263.000,0.000,42.4839794357883420,-70.9713355582896810,O,
52.168,330.094,50.000,89.000,352.000,263.000,0.000,42.4840875091441958,-70.9714198474636646,O,
52.707,330.094,50.000,89.000,352.000,263.000,0.000,42.4841955825000568,-70.9715041366376482,O,
53.246,330.094,50.000,89.000,352.000,263.000,0.000,42.4843036558559106,-70.9715884258116319,O,
53.785,330.094,50.000,89.000,352.000,263.000,0.000,42.4844117292117645,-70.9716727149856013,O,
54.324,330.094,50.000,89.000,352.000,263.000,0.000,42.4845198025676254,-70.9717570041595849,O,
54.863,330.094,50.000,89.000,352.000,263.000,0.000,42.4846278759234792,-70.9718412933335685,O,
55.402,330.094,50.000,89.000,352.000,263.000,0.000,42.4847359492793331,-70.9719255825075521,O,
55.941,330.094,50.000,89.000,352.000,263.000,0.000,42.4848440226351940,-70.9720098716815357,O,
56.480,330.094,50.000,89.000,352.000,263.000,0.000,42.4849520959910478,-70.9720941608555052,O,
57.019,330.094,50.000,90.000,352.000,262.000,0.000,42.4850601693469017,-70.9721784500294888,O,
57.558,330.094,50.000,95.000,352.000,257.000,0.000,42.4851682427027626,-70.9722627392034724,O,
58.097,330.094,50.000,103.000,352.000,249.000,0.000,42.4852763160586164,-70.9723470283774560,O,
58.636,330.094,50.000,113.000,352.000,239.000,0.000,42.4853843894144703,-70.9724313175514254,O,
59.174,330.094,50.000,124.000,352.000,228.000,16.000,42.4854924627703241,-70.9725156067254090,O,
59.713,330.094,50.000,132.000,368.000,236.000,0.000,42.4856005361261850,-70.9725998958993927,O,
60.252,330.094,50.000,137.000,368.000,231.000,0.000,42.4857086094820389,-70.9726841850733763,O,
60.791,330.095,50.000,141.000,368.000,227.000,0.000,42.4858166828378927,-70.9727684742473599,O,
61.330,330.095,50.000,143.000,368.000,225.000,16.000,42.4859247561937536,-70.9728527634213293,O,
61.869,330.095,50.000,146.000,384.000,238.000,0.000,42.4860328295496075,-70.9729370525953129,O,
62.408,330.095,50.000,149.000,384.000,235.000,0.000,42.4861409029054613,-70.9730213417692966,O,
62.947,330.095,50.000,152.000,384.000,232.000,0.000,42.4862489762613222,-70.9731056309432802,O,
63.486,330.095,50.000,155.000,384.000,229.000,0.000,42.4863570496171761,-70.9731899201172496,O,
64.025,330.095,50.000,157.000,384.000,227.000,0.000,42.4864651229730299,-70.9732742092912332,O,
64.564,330.095,50.000,158.000,384.000,226.000,0.000,42.4865731963288908,-70.9733584984652168,O,
65.103,330.095,50.000,157.000,384.000,227.000,0.000,42.4866812696847447,-70.9734427876392004,O,
65.642,330.095,50.000,155.000,384.000,229.000,0.000,42.4867893430405985,-70.9735270768131841,O,
66.181,330.095,50.000,154.000,384.000,230.000,0.000,42.4868974163964594,-70.9736113659871535,O,
66.720,330.095,50.000,152.000,384.000,232.000,0.000,42.4870054897523133,-70.9736956551611371,O,
67.259,330.095,50.000,150.000,384.000,234.000,0.000,42.4871135631081671,-70.9737799443351207,O,
67.798,330.095,50.000,148.000,384.000,236.000,0.000,42.4872216364640281,-70.9738642335091043,O,
68.337,330.095,50.000,150.000,384.000,234.000,0.000,42.4873297098198819,-70.9739485226830737,O,
68.876,330.095,50.000,152.000,384.000,232.000,0.000,42.4874377831757357,-70.9740328118570574,O,
69.415,330.095,50.000,153.000,384.000,231.000,0.000,42.4875458565315967,-70.9741171010310410,O,
69.954,330.095,50.000,154.000,384.000,230.000,0.000,42.4876539298874505,-70.9742013902050246,O,
70.492,330.095,50.000,153.000,384.000,231.000,0.000,42.4877620032433043,-70.9742856793790082,O,
71.031,330.095,50.000,151.000,384.000,233.000,0.000,42.4878700765991653,-70.9743699685529776,O,
71.570,330.095,50.000,150.000,384.000,234.000,0.000,42.4879781499550191,-70.9744542577269613,O,
72.109,330.095,50.000,150.000,384.000,234.000,0.000,42.4880862233108729,-70.9745385469009449,O,
72.648,330.095,50.000,152.000,384.000,232.000,0.000,42.4881942966667339,-70.9746228360749285,O,
73.187,330.096,50.000,153.000,384.000,231.000,0.000,42.4883023700225877,-70.9747071252488979,O,
73.726,330.096,50.000,158.000,384.000,226.000,16.000,42.4884104433784415,-70.9747914144228815,O,
74.265,330.096,50.000,162.000,400.000,238.000,0.000,42.4885185167343025,-70.9748757035968652,O,
74.804,330.096,50.000,165.000,400.000,235.000,0.000,42.4886265900901563,-70.9749599927708488,O,
75.343,330.096,50.000,167.000,400.000,233.000,0.000,42.4887346634460101,-70.9750442819448324,O,
75.882,330.096,50.000,170.000,400.000,230.000,0.000,42.4888427368018711,-70.9751285711188018,O,
76.421,330.096,50.000,171.000,400.000,229.000,0.000,42.4889508101577249,-70.9752128602927854,O,
76.960,330.096,50.000,173.000,400.000,227.000,16.000,42.4890588835135787,-70.9752971494667690,O,
77.499,330.096,50.000,176.000,416.000,240.000,0.000,42.4891669568694326,-70.9753814386407527,O,
78.038,330.096,50.000,180.000,416.000,236.000,0.000,42.4892750302252935,-70.9754657278147221,O,
78.577,330.096,50.000,185.000,416.000,231.000,0.000,42.4893831035811473,-70.9755500169887057,O,
79.116,330.096,50.000,186.000,416.000,230.000,0.000,42.4894911769370012,-70.9756343061626893,O,
79.655,330.096,50.000,185.000,416.000,231.000,0.000,42.4895992502928621,-70.9757185953366729,O,
80.194,330.096,50.000,183.000,416.000,233.000,0.000,42.4897073236487159,-70.9758028845106566,O,
80.732,330.096,50.000,178.000,416.000,238.000,0.000,42.4898153970045698,-70.9758871736846260,O,
81.271,330.096,50.000,173.000,416.000,243.000,0.000,42.4899234703604307,-70.9759714628586096,O,
81.810,330.096,50.000,170.000,416.000,246.000,0.000,42.4900315437162845,-70.9760557520325932,O,
82.349,330.096,50.000,167.000,416.000,249.000,0.000,42.4901396170721384,-70.9761400412065768,O,
82.888,330.096,50.000,164.000,416.000,252.000,0.000,42.4902476904279993,-70.9762243303805462,O,
83.427,330.096,50.000,166.000,416.000,250.000,0.000,42.4903557637838531,-70.9763086195545299,O,
83.966,330.096,50.000,169.000,416.000,247.000,0.000,42.4904638371397070,-70.9763929087285135,O,
84.446,330.096,50.000,171.000,416.000,245.000,0.000,42.4905601254407799,-70.9764680064368889,O,
84.883,90.005,50.000,165.000,416.000,251.000,0.000,42.4905601163589779,-70.9763309498244439,O,
85.320,90.005,50.000,160.000,416.000,256.000,0.000,42.4905601072771759,-70.9761938932120131,O,
85.757,90.005,50.000,157.000,416.000,259.000,0.000,42.4905600981953739,-70.9760568365995681,O,
86.194,90.005,50.000,155.000,416.000,261.000,0.000,42.4905600891135649,-70.9759197799871231,O,
86.631,90.005,50.000,155.000,416.000,261.000,0.000,42.4905600800317629,-70.9757827233746781,O,
87.068,90.005,50.000,156.000,416.000,260.000,0.000,42.4905600709499609,-70.9756456667622473,O,
87.505,90.005,50.000,157.000,416.000,259.000,0.000,42.4905600618681589,-70.9755086101498023,O,
87.941,90.005,50.000,155.000,416.000,261.000,0.000,42.4905600527863569,-70.9753715535373573,O,
88.378,90.005,50.000,153.000,416.000,263.000,0.000,42.4905600437045550,-70.9752344969249123,O,
88.815,90.005,50.000,152.000,416.000,264.000,0.000,42.4905600346227530,-70.9750974403124815,O,
89.252,90.005,50.000,150.000,416.000,266.000,0.000,42.4905600255409510,-70.9749603837000365,O,
89.689,90.005,50.000,149.000,416.000,267.000,0.000,42.4905600164591419,-70.9748233270875915,O,
90.126,90.005,50.000,147.000,416.000,269.000,0.000,42.4905600073773400,-70.9746862704751607,O,
90.563,90.005,50.000,145.000,416.000,271.000,0.000,42.4905599982955380,-70.9745492138627156,O,
91.000,90.005,50.000,145.000,416.000,271.000,0.000,42.4905599892137360,-70.9744121572502706,O,
91.437,90.005,50.000,146.000,416.000,270.000,0.000,42.4905599801319340,-70.9742751006378256,O,
91.873,90.005,50.000,148.000,416.000,268.000,0.000,42.4905599710501320,-70.9741380440253948,O,
92.310,90.005,50.000,149.000,416.000,267.000,0.000,42.4905599619683301,-70.9740009874129498,O,
92.747,90.005,50.000,151.000,416.000,265.000,0.000,42.4905599528865210,-70.9738639308005048,O,
93.184,90.005,50.000,151.000,416.000,265.000,0.000,42.4905599438047190,-70.9737268741880598,O,
93.621,90.005,50.000,150.000,416.000,266.000,0.000,42.4905599347229170,-70.9735898175756290,O,
94.058,90.005,50.000,149.000,416.000,267.000,0.000,42.4905599256411151,-70.9734527609631840,O,
94.495,90.005,50.000,147.000,416.000,269.000,0.000,42.4905599165593131,-70.9733157043507390,O,
94.932,90.005,50.000,147.000,416.000,269.000,0.000,42.4905599074775111,-70.9731786477383082,O,
95.369,90.005,50.000,147.000,416.000,269.000,0.000,42.4905598983957091,-70.9730415911258632,O,
95.805,90.005,50.000,147.000,416.000,269.000,0.000,42.4905598893139000,-70.9729045345134182,O,
96.242,90.005,50.000,147.000,416.000,269.000,0.000,42.4905598802320981,-70.9727674779009732,O,
96.679,90.005,50.000,146.000,416.000,270.000,0.000,42.4905598711502961,-70.9726304212885424,O,
97.116,90.005,50.000,144.000,416.000,272.000,-16.000,42.4905598620684941,-70.9724933646760974,O,
97.553,90.005,50.000,139.000,400.000,261.000,0.000,42.4905598529866921,-70.9723563080636524,O,
97.990,90.005,50.000,134.000,400.000,266.000,0.000,42.4905598439048902,-70.9722192514512074,O,
98.427,90.005,50.000,128.000,400.000,272.000,-16.000,42.4905598348230882,-70.9720821948387766,O,
98.864,90.005,50.000,121.000,384.000,263.000,0.000,42.4905598257412862,-70.9719451382263316,O,
99.301,90.005,50.000,118.000,384.000,266.000,0.000,42.4905598166594771,-70.9718080816138865,O,
99.738,90.005,50.000,115.000,384.000,269.000,0.000,42.4905598075776751,-70.9716710250014557,O,
100.174,90.005,50.000,112.000,384.000,272.000,-16.000,42.4905597984958732,-70.9715339683890107,O,
100.611,90.005,50.000,108.000,368.000,260.000,0.000,42.4905597894140712,-70.9713969117765657,O,
101.048,90.005,50.000,107.000,368.000,261.000,0.000,42.4905597803322692,-70.9712598551641207,O,
101.485,90.005,50.000,105.000,368.000,263.000,0.000,42.4905597712504672,-70.9711227985516899,O,
101.617,90.005,50.000,105.000,368.000,263.000,0.000,42.4905597685178407,-70.9710815595723261,O,
102.155,209.914,50.000,110.000,368.000,258.000,0.000,42.4904517120650667,-70.9711658704145094,O,
102.694,209.914,50.000,115.000,368.000,253.000,0.000,42.4903436556122998,-70.9712501812567069,O,
103.233,209.914,50.000,119.000,368.000,249.000,0.000,42.4902355991595257,-70.9713344920988902,O,
103.772,209.914,50.000,121.000,368.000,247.000,0.000,42.4901275427067517,-70.9714188029410877,O,
104.311,209.914,50.000,124.000,368.000,244.000,0.000,42.4900194862539848,-70.9715031137832710,O,
104.850,209.914,50.000,128.000,368.000,240.000,0.000,42.4899114298012108,-70.9715874246254685,O,
105.389,209.914,50.000,133.000,368.000,235.000,0.000,42.4898033733484368,-70.9716717354676518,O,
105.928,209.914,50.000,140.000,368.000,228.000,16.000,42.4896953168956699,-70.9717560463098494,O,
106.467,209.914,50.000,146.000,384.000,238.000,0.000,42.4895872604428959,-70.9718403571520327,O,
107.006,209.914,50.000,150.000,384.000,234.000,0.000,42.4894792039901219,-70.9719246679942302,O,
107.545,209.914,50.000,155.000,384.000,229.000,16.000,42.4893711475373550,-70.9720089788364135,O,
108.084,209.914,50.000,160.000,400.000,240.000,0.000,42.4892630910845810,-70.9720932896785968,O,
108.622,209.914,50.000,163.000,400.000,237.000,0.000,42.4891550346318141,-70.9721776005207943,O,
109.161,209.914,50.000,165.000,400.000,235.000,0.000,42.4890469781790401,-70.9722619113629776,O,
109.700,209.914,50.000,166.000,400.000,234.000,0.000,42.4889389217262661,-70.9723462222051751,O,
110.239,209.914,50.000,167.000,400.000,233.000,0.000,42.4888308652734992,-70.9724305330473584,O,
110.778,209.915,50.000,170.000,400.000,230.000,0.000,42.4887228088207252,-70.9725148438895559,O,
111.317,209.915,50.000,172.000,400.000,228.000,0.000,42.4886147523679512,-70.9725991547317392,O,
111.856,209.915,50.000,172.000,400.000,228.000,0.000,42.4885066959151843,-70.9726834655739367,O,
112.395,209.915,50.000,171.000,400.000,229.000,0.000,42.4883986394624102,-70.9727677764161200,O,
112.934,209.915,50.000,170.000,400.000,230.000,0.000,42.4882905830096362,-70.9728520872583175,O,
113.473,209.915,50.000,168.000,400.000,232.000,0.000,42.4881825265568693,-70.9729363981005008,O,
114.012,209.915,50.000,167.000,400.000,233.000,0.000,42.4880744701040953,-70.9730207089426841,O,
114.551,209.915,50.000,166.000,400.000,234.000,0.000,42.4879664136513213,-70.9731050197848816,O,
115.089,209.915,50.000,166.000,400.000,234.000,0.000,42.4878583571985544,-70.9731893306270649,O,
115.628,209.915,50.000,167.000,400.000,233.000,0.000,42.4877503007457804,-70.9732736414692624,O,
116.167,209.915,50.000,165.000,400.000,235.000,0.000,42.4876422442930064,-70.9733579523114457,O,
116.706,209.915,50.000,163.000,400.000,237.000,0.000,42.4875341878402395,-70.9734422631536432,O,
117.245,209.915,50.000,161.000,400.000,239.000,0.000,42.4874261313874655,-70.9735265739958265,O,
117.784,209.915,50.000,156.000,400.000,244.000,0.000,42.4873180749346915,-70.9736108848380240,O,
118.323,209.915,50.000,152.000,400.000,248.000,0.000,42.4872100184819246,-70.9736951956802073,O,
118.862,209.915,50.000,150.000,400.000,250.000,0.000,42.4871019620291506,-70.9737795065224049,O,
119.401,209.915,50.000,148.000,400.000,252.000,0.000,42.4869939055763766,-70.9738638173645882,O,
119.940,209.915,50.000,145.000,400.000,255.000,0.000,42.4868858491236097,-70.9739481282067715,O,
120.479,209.915,50.000,140.000,400.000,260.000,0.000,42.4867777926708357,-70.9740324390489690,O,
121.018,209.915,50.000,136.000,400.000,264.000,0.000,42.4866697362180687,-70.9741167498911523,O,
121.557,209.915,50.000,132.000,400.000,268.000,0.000,42.4865616797652947,-70.9742010607333498,O,
122.095,209.915,50.000,129.000,400.000,271.000,0.000,42.4864536233125207,-70.9742853715755331,O,
122.634,209.915,50.000,126.000,400.000,274.000,-16.000,42.4863455668597538,-70.9743696824177306,O,
123.173,209.915,50.000,122.000,384.000,262.000,0.000,42.4862375104069798,-70.9744539932599139,O,
123.712,209.916,50.000,118.000,384.000,266.000,0.000,42.4861294539542058,-70.9745383041021114,O,
124.251,209.916,50.000,114.000,384.000,270.000,0.000,42.4860213975014389,-70.9746226149442947,O,
124.790,209.916,50.000,112.000,384.000,272.000,0.000,42.4859133410486649,-70.9747069257864922,O,
125.329,209.916,50.000,112.000,384.000,272.000,0.000,42.4858052845958909,-70.9747912366286755,O,
125.868,209.916,50.000,117.000,384.000,267.000,0.000,42.4856972281431240,-70.9748755474708588,O,
126.407,209.916,50.000,122.000,384.000,262.000,0.000,42.4855891716903500,-70.9749598583130563,O,
126.946,209.916,50.000,130.000,384.000,254.000,0.000,42.4854811152375760,-70.9750441691552396,O,
127.485,209.916,50.000,139.000,384.000,245.000,0.000,42.4853730587848091,-70.9751284799974371,O,
128.024,209.916,50.000,148.000,384.000,236.000,0.000,42.4852650023320351,-70.9752127908396204,O,
128.563,209.916,50.000,150.000,384.000,234.000,0.000,42.4851569458792611,-70.9752971016818179,O,
129.101,209.916,50.000,151.000,384.000,233.000,0.000,42.4850488894264942,-70.9753814125240012,O,
129.640,209.916,50.000,146.000,384.000,238.000,0.000,42.4849408329737201,-70.9754657233661987,O,
130.179,209.916,50.000,138.000,384.000,246.000,0.000,42.4848327765209461,-70.9755500342083820,O,
130.718,209.916,50.000,132.000,384.000,252.000,0.000,42.4847247200681792,-70.9756343450505796,O,
131.257,209.916,50.000,127.000,384.000,257.000,0.000,42.4846166636154052,-70.9757186558927629,O,
131.796,209.916,50.000,122.000,384.000,262.000,0.000,42.4845086071626312,-70.9758029667349462,O,
132.335,209.916,50.000,121.000,384.000,263.000,0.000,42.4844005507098643,-70.9758872775771437,O,
132.874,209.916,50.000,122.000,384.000,262.000,0.000,42.4842924942570903,-70.9759715884193270,O,
133.413,209.916,50.000,120.000,384.000,264.000,0.000,42.4841844378043234,-70.9760558992615245,O,
133.952,209.916,50.000,120.000,384.000,264.000,0.000,42.4840763813515494,-70.9761402101037078,O,
134.491,209.916,50.000,119.000,384.000,265.000,0.000,42.4839683248987754,-70.9762245209459053,O,
135.030,209.916,50.000,119.000,384.000,265.000,0.000,42.4838602684460085,-70.9763088317880886,O,
135.569,209.916,50.000,120.000,384.000,264.000,0.000,42.4837522119932345,-70.9763931426302861,O,
136.051,209.917,50.000,119.000,384.000,265.000,0.000,42.4836555725579501,-70.9764685453662452,O,
136.590,330.092,50.000,121.000,384.000,263.000,0.000,42.4837636425543863,-70.9765528388474110,O,
137.129,330.092,50.000,121.000,384.000,263.000,0.000,42.4838717125508225,-70.9766371323285625,O,
137.667,330.092,50.000,124.000,384.000,260.000,0.000,42.4839797825472587,-70.9767214258097283,O,
138.206,330.092,50.000,129.000,384.000,255.000,0.000,42.4840878525436949,-70.9768057192908941,O,
138.745,330.092,50.000,134.000,384.000,250.000,0.000,42.4841959225401311,-70.9768900127720599,O,
139.284,330.092,50.000,140.000,384.000,244.000,0.000,42.4843039925365744,-70.9769743062532115,O,
139.823,330.092,50.000,144.000,384.000,240.000,0.000,42.4844120625330106,-70.9770585997343773,O,
140.362,330.092,50.000,146.000,384.000,238.000,0.000,42.4845201325294468,-70.9771428932155430,O,
140.901,330.092,50.000,149.000,384.000,235.000,0.000,42.4846282025258830,-70.9772271866967088,O,
141.440,330.092,50.000,149.000,384.000,235.000,0.000,42.4847362725223192,-70.9773114801778604,O,
141.979,330.092,50.000,148.000,384.000,236.000,0.000,42.4848443425187554,-70.9773957736590262,O,
142.518,330.092,50.000,148.000,384.000,236.000,0.000,42.4849524125151916,-70.9774800671401920,O,
143.057,330.092,50.000,146.000,384.000,238.000,0.000,42.4850604825116278,-70.9775643606213578,O,
143.596,330.092,50.000,144.000,384.000,240.000,0.000,42.4851685525080640,-70.9776486541025093,O,
144.135,330.092,50.000,142.000,384.000,242.000,0.000,42.4852766225045002,-70.9777329475836751,O,
144.674,330.092,50.000,140.000,384.000,244.000,0.000,42.4853846925009435,-70.9778172410648409,O,
145.213,330.092,50.000,138.000,384.000,246.000,0.000,42.4854927624973797,-70.9779015345460067,O,
145.752,330.092,50.000,137.000,384.000,247.000,0.000,42.4856008324938159,-70.9779858280271583,O,
146.291,330.092,50.000,138.000,384.000,246.000,0.000,42.4857089024902521,-70.9780701215083241,O,
146.830,330.093,50.000,138.000,384.000,246.000,0.000,42.4858169724866883,-70.9781544149894899,O,
147.369,330.093,50.000,135.000,384.000,249.000,0.000,42.4859250424831245,-70.9782387084706556,O,
147.907,330.093,50.000,130.000,384.000,254.000,0.000,42.4860331124795607,-70.9783230019518072,O,
148.446,330.093,50.000,126.000,384.000,258.000,0.000,42.4861411824759969,-70.9784072954329730,O,
148.985,330.093,50.000,122.000,384.000,262.000,0.000,42.4862492524724331,-70.9784915889141388,O,
149.524,330.093,50.000,117.000,384.000,267.000,0.000,42.4863573224688693,-70.9785758823953046,O,
150.063,330.093,50.000,116.000,384.000,268.000,0.000,42.4864653924653126,-70.9786601758764562,O,
150.602,330.093,50.000,117.000,384.000,267.000,0.000,42.4865734624617488,-70.9787444693576219,O,
151.141,330.093,50.000,118.000,384.000,266.000,0.000,42.4866815324581850,-70.9788287628387877,O,
151.680,330.093,50.000,120.000,384.000,264.000,0.000,42.4867896024546212,-70.9789130563199535,O,
152.219,330.093,50.000,122.000,384.000,262.000,0.000,42.4868976724510574,-70.9789973498011051,O,
152.758,330.093,50.000,123.000,384.000,261.000,0.000,42.4870057424474936,-70.9790816432822709,O,
153.268,330.093,50.000,124.000,384.000,260.000,0.000,42.4871079335827702,-70.9791613513124418,O,
153.705,90.003,50.000,128.000,384.000,256.000,0.000,42.4871079277219721,-70.9790242946998262,O,
154.141,90.003,50.000,132.000,384.000,252.000,0.000,42.4871079218611740,-70.9788872380872107,O,
154.578,90.003,50.000,134.000,384.000,250.000,0.000,42.4871079160003760,-70.9787501814745951,O,
155.015,90.003,50.000,137.000,384.000,247.000,0.000,42.4871079101395850,-70.9786131248619796,O,
155.452,90.003,50.000,141.000,384.000,243.000,0.000,42.4871079042787869,-70.9784760682493641,O,
155.889,90.003,50.000,145.000,384.000,239.000,0.000,42.4871078984179888,-70.9783390116367485,O,
156.326,90.003,50.000,152.000,384.000,232.000,16.000,42.4871078925571908,-70.9782019550241188,O,
156.763,90.003,50.000,160.000,400.000,240.000,0.000,42.4871078866963927,-70.9780648984115032,O,
157.200,90.003,50.000,163.000,400.000,237.000,0.000,42.4871078808355946,-70.9779278417988877,O,
157.637,90.003,50.000,166.000,400.000,234.000,0.000,42.4871078749748037,-70.9777907851862722,O,
158.074,90.003,50.000,165.000,400.000,235.000,0.000,42.4871078691140056,-70.9776537285736566,O,
158.511,90.003,50.000,163.000,400.000,237.000,0.000,42.4871078632532075,-70.9775166719610411,O,
158.948,90.003,50.000,159.000,400.000,241.000,0.000,42.4871078573924095,-70.9773796153484255,O,
159.384,90.003,50.000,155.000,400.000,245.000,0.000,42.4871078515316114,-70.9772425587358100,O,
159.821,90.003,50.000,149.000,400.000,251.000,0.000,42.4871078456708133,-70.9771055021231945,O,
160.258,90.003,50.000,143.000,400.000,257.000,0.000,42.4871078398100224,-70.9769684455105789,O,
160.695,90.003,50.000,140.000,400.000,260.000,0.000,42.4871078339492243,-70.9768313888979634,O,
161.132,90.003,50.000,137.000,400.000,263.000,0.000,42.4871078280884262,-70.9766943322853479,O,
161.569,90.003,50.000,137.000,400.000,263.000,0.000,42.4871078222276282,-70.9765572756727181,O,
162.006,90.003,50.000,138.000,400.000,262.000,0.000,42.4871078163668301,-70.9764202190601026,O,
162.443,90.003,50.000,138.000,400.000,262.000,0.000,42.4871078105060320,-70.9762831624474870,O,
162.880,90.003,50.000,138.000,400.000,262.000,0.000,42.4871078046452411,-70.9761461058348715,O,
163.317,90.003,50.000,137.000,400.000,263.000,0.000,42.4871077987844430,-70.9760090492222560,O,
163.754,90.003,50.000,136.000,400.000,264.000,0.000,42.4871077929236449,-70.9758719926096404,O,
164.191,90.003,50.000,134.000,400.000,266.000,0.000,42.4871077870628469,-70.9757349359970249,O,
164.627,90.003,50.000,133.000,400.000,267.000,0.000,42.4871077812020488,-70.9755978793844093,O,
165.064,90.003,50.000,133.000,400.000,267.000,0.000,42.4871077753412507,-70.9754608227717938,O,
165.501,90.003,50.000,133.000,400.000,267.000,0.000,42.4871077694804598,-70.9753237661591783,O,
165.938,90.003,50.000,133.000,400.000,267.000,0.000,42.4871077636196617,-70.9751867095465627,O,
166.375,90.003,50.000,133.000,400.000,267.000,0.000,42.4871077577588636,-70.9750496529339472,O,
166.812,90.003,50.000,134.000,400.000,266.000,0.000,42.4871077518980655,-70.9749125963213174,O,
167.249,90.003,50.000,134.000,400.000,266.000,0.000,42.4871077460372675,-70.9747755397087019,O,
167.686,90.003,50.000,136.000,400.000,264.000,0.000,42.4871077401764694,-70.9746384830960864,O,
168.123,90.003,50.000,137.000,400.000,263.000,0.000,42.4871077343156784,-70.9745014264834708,O,
168.560,90.003,50.000,139.000,400.000,261.000,0.000,42.4871077284548804,-70.9743643698708553,O,
168.997,90.003,50.000,142.000,400.000,258.000,0.000,42.4871077225940823,-70.9742273132582397,O,
169.433,90.003,50.000,144.000,400.000,256.000,0.000,42.4871077167332842,-70.9740902566456242,O,
169.870,90.003,50.000,147.000,400.000,253.000,0.000,42.4871077108724862,-70.9739532000330087,O,
170.307,90.003,50.000,149.000,400.000,251.000,0.000,42.4871077050116881,-70.9738161434203931,O,
170.922,40.525,50.000,152.000,400.000,248.000,0.000,42.4872157570781539,-70.9736908863221032,O,
171.461,29.917,50.000,157.000,400.000,243.000,0.000,42.4873238108954112,-70.9736065721022413,O,
172.000,29.917,50.000,161.000,400.000,239.000,0.000,42.4874318647126614,-70.9735222578823652,O,
172.539,29.917,50.000,163.000,400.000,237.000,0.000,42.4875399185299187,-70.9734379436624891,O,
173.078,29.917,50.000,166.000,400.000,234.000,0.000,42.4876479723471761,-70.9733536294426131,O,
173.616,29.917,50.000,166.000,400.000,234.000,0.000,42.4877560261644334,-70.9732693152227512,O,
174.155,29.916,50.000,166.000,400.000,234.000,0.000,42.4878640799816907,-70.9731850010028751,O,
174.694,29.916,50.000,166.000,400.000,234.000,0.000,42.4879721337989480,-70.9731006867829990,O,
175.233,29.916,50.000,167.000,400.000,233.000,0.000,42.4880801876161982,-70.9730163725631229,O,
175.772,29.916,50.000,168.000,400.000,232.000,0.000,42.4881882414334555,-70.9729320583432610,O,
176.311,29.916,50.000,170.000,400.000,230.000,0.000,42.4882962952507128,-70.9728477441233849,O,
176.850,29.916,50.000,171.000,400.000,229.000,0.000,42.4884043490679701,-70.9727634299035088,O,
177.389,29.916,50.000,172.000,400.000,228.000,0.000,42.4885124028852275,-70.9726791156836327,O,
177.928,29.916,50.000,172.000,400.000,228.000,0.000,42.4886204567024777,-70.9725948014637709,O,
178.467,29.916,50.000,169.000,400.000,231.000,0.000,42.4887285105197350,-70.9725104872438948,O,
179.006,29.916,50.000,167.000,400.000,233.000,0.000,42.4888365643369923,-70.9724261730240187,O,
179.544,29.916,50.000,166.000,400.000,234.000,0.000,42.4889446181542496,-70.9723418588041426,O,
180.083,29.916,50.000,165.000,400.000,235.000,0.000,42.4890526719715069,-70.9722575445842807,O,
180.622,29.916,50.000,163.000,400.000,237.000,0.000,42.4891607257887642,-70.9721732303644046,O,
181.161,29.916,50.000,160.000,400.000,240.000,0.000,42.4892687796060144,-70.9720889161445285,O,
181.700,29.916,50.000,155.000,400.000,245.000,0.000,42.4893768334232718,-70.9720046019246524,O,
182.239,29.916,50.000,150.000,400.000,250.000,0.000,42.4894848872405291,-70.9719202877047906,O,
182.778,29.916,50.000,146.000,400.000,254.000,0.000,42.4895929410577864,-70.9718359734849145,O,
183.317,29.916,50.000,140.000,400.000,260.000,0.000,42.4897009948750437,-70.9717516592650384,O,
183.856,29.916,50.000,133.000,400.000,267.000,0.000,42.4898090486923010,-70.9716673450451623,O,
184.395,29.916,50.000,128.000,400.000,272.000,-16.000,42.4899171025095512,-70.9715830308253004,O,
184.934,29.916,50.000,124.000,384.000,260.000,0.000,42.4900251563268085,-70.9714987166054243,O,
185.473,29.916,50.000,120.000,384.000,264.000,0.000,42.4901332101440659,-70.9714144023855482,O,
186.011,29.916,50.000,119.000,384.000,265.000,0.000,42.4902412639613232,-70.9713300881656721,O,
186.550,29.916,50.000,115.000,384.000,269.000,0.000,42.4903493177785805,-70.9712457739458102,O,
187.089,29.915,50.000,110.000,384.000,274.000,-16.000,42.4904573715958307,-70.9711614597259342,O,
187.613,92.686,50.000,108.000,368.000,260.000,0.000,42.4904516918018516,-70.9709972747067894,O,
188.152,150.098,50.000,111.000,368.000,257.000,0.000,42.4903436150858695,-70.9709129898412527,O,
188.691,150.098,50.000,112.000,368.000,256.000,0.000,42.4902355383698804,-70.9708287049757303,O,
189.230,150.098,50.000,112.000,368.000,256.000,0.000,42.4901274616538984,-70.9707444201101936,O,
189.769,150.098,50.000,112.000,368.000,256.000,0.000,42.4900193849379093,-70.9706601352446569,O,
190.308,150.098,50.000,110.000,368.000,258.000,0.000,42.4899113082219273,-70.9705758503791202,O,
190.847,150.098,50.000,109.000,368.000,259.000,0.000,42.4898032315059382,-70.9704915655135835,O,
191.386,150.098,50.000,107.000,368.000,261.000,0.000,42.4896951547899562,-70.9704072806480610,O,
191.925,150.098,50.000,108.000,368.000,260.000,0.000,42.4895870780739671,-70.9703229957825243,O,
192.464,150.098,50.000,110.000,368.000,258.000,0.000,42.4894790013579851,-70.9702387109169877,O,
193.003,150.098,50.000,111.000,368.000,257.000,0.000,42.4893709246419959,-70.9701544260514510,O,
193.542,150.098,50.000,111.000,368.000,257.000,0.000,42.4892628479260139,-70.9700701411859143,O,
194.081,150.098,50.000,111.000,368.000,257.000,0.000,42.4891547712100248,-70.9699858563203918,O,
194.620,150.098,50.000,107.000,368.000,261.000,0.000,42.4890466944940428,-70.9699015714548551,O,
195.159,150.098,50.000,102.000,368.000,266.000,0.000,42.4889386177780537,-70.9698172865893184,O,
195.697,150.098,50.000,98.000,368.000,270.000,0.000,42.4888305410620717,-70.9697330017237817,O,
196.236,150.098,50.000,96.000,368.000,272.000,0.000,42.4887224643460826,-70.9696487168582451,O,
196.775,150.098,50.000,93.000,368.000,275.000,0.000,42.4886143876301006,-70.9695644319927226,O,
197.314,150.098,50.000,94.000,368.000,274.000,0.000,42.4885063109141115,-70.9694801471271859,O,
197.853,150.098,50.000,95.000,368.000,273.000,0.000,42.4883982341981294,-70.9693958622616492,O,
198.392,150.098,50.000,100.000,368.000,268.000,0.000,42.4882901574821403,-70.9693115773961125,O,
198.931,150.098,50.000,105.000,368.000,263.000,0.000,42.4881820807661583,-70.9692272925305758,O,
199.470,150.098,50.000,112.000,368.000,256.000,0.000,42.4880740040501692,-70.9691430076650533,O,
200.009,150.097,50.000,118.000,368.000,250.000,0.000,42.4879659273341872,-70.9690587227995167,O,
200.548,150.097,50.000,125.000,368.000,243.000,0.000,42.4878578506181981,-70.9689744379339800,O,
201.087,150.097,50.000,130.000,368.000,238.000,0.000,42.4877497739022161,-70.9688901530684433,O,
201.626,150.097,50.000,129.000,368.000,239.000,0.000,42.4876416971862270,-70.9688058682029066,O,
202.165,150.097,50.000,128.000,368.000,240.000,0.000,42.4875336204702450,-70.9687215833373841,O,
202.704,150.097,50.000,125.000,368.000,243.000,0.000,42.4874255437542558,-70.9686372984718474,O,
203.243,150.097,50.000,121.000,368.000,247.000,0.000,42.4873174670382667,-70.9685530136063107,O,
203.782,150.097,50.000,120.000,368.000,248.000,0.000,42.4872093903222847,-70.9684687287407741,O,
204.260,202.498,50.000,116.000,368.000,252.000,0.000,42.4871072289038665,-70.9685261065181976,O,
204.697,270.005,50.000,110.000,368.000,258.000,0.000,42.4871072379850787,-70.9686631631306284,O,
205.134,270.005,50.000,106.000,368.000,262.000,0.000,42.4871072470662909,-70.9688002197430734,O,
205.571,270.005,50.000,104.000,368.000,264.000,0.000,42.4871072561474961,-70.9689372763555184,O,
206.007,270.005,50.000,106.000,368.000,262.000,0.000,42.4871072652287083,-70.9690743329679634,O,
206.444,270.005,50.000,107.000,368.000,261.000,0.000,42.4871072743099205,-70.9692113895803942,O,
206.881,270.005,50.000,108.000,368.000,260.000,0.000,42.4871072833911327,-70.9693484461928392,O,
207.318,270.005,50.000,108.000,368.000,260.000,0.000,42.4871072924723450,-70.9694855028052842,O,
207.755,270.005,50.000,108.000,368.000,260.000,0.000,42.4871073015535572,-70.9696225594177292,O,
208.192,270.005,50.000,109.000,368.000,259.000,0.000,42.4871073106347623,-70.9697596160301600,O,
208.629,270.005,50.000,115.000,368.000,253.000,0.000,42.4871073197159745,-70.9698966726426050,O,
209.066,270.005,50.000,121.000,368.000,247.000,0.000,42.4871073287971868,-70.9700337292550500,O,
209.503,270.005,50.000,129.000,368.000,239.000,0.000,42.4871073378783990,-70.9701707858674808,O,
209.940,270.005,50.000,136.000,368.000,232.000,0.000,42.4871073469596112,-70.9703078424799259,O,
210.377,270.005,50.000,140.000,368.000,228.000,16.000,42.4871073560408234,-70.9704448990923709,O,
210.814,270.005,50.000,145.000,384.000,239.000,0.000,42.4871073651220357,-70.9705819557048159,O,
211.250,270.005,50.000,148.000,384.000,236.000,0.000,42.4871073742032408,-70.9707190123172467,O,
211.687,270.005,50.000,151.000,384.000,233.000,0.000,42.4871073832844530,-70.9708560689296917,O,
212.124,270.005,50.000,153.000,384.000,231.000,0.000,42.4871073923656652,-70.9709931255421367,O,
212.561,270.005,50.000,156.000,384.000,228.000,0.000,42.4871074014468775,-70.9711301821545817,O,
212.998,270.005,50.000,157.000,384.000,227.000,0.000,42.4871074105280897,-70.9712672387670125,O,
213.435,270.005,50.000,158.000,384.000,226.000,16.000,42.4871074196093019,-70.9714042953794575,O,
213.872,270.005,50.000,162.000,400.000,238.000,0.000,42.4871074286905070,-70.9715413519919025,O,
214.309,270.005,50.000,165.000,400.000,235.000,0.000,42.4871074377717193,-70.9716784086043475,O,
214.746,270.005,50.000,165.000,400.000,235.000,0.000,42.4871074468529315,-70.9718154652167783,O,
215.183,270.005,50.000,165.000,400.000,235.000,0.000,42.4871074559341437,-70.9719525218292233,O,
215.620,270.005,50.000,168.000,400.000,232.000,0.000,42.4871074650153560,-70.9720895784416683,O,
216.057,270.005,50.000,171.000,400.000,229.000,0.000,42.4871074740965682,-70.9722266350540991,O,
216.493,270.005,50.000,174.000,400.000,226.000,16.000,42.4871074831777804,-70.9723636916665441,O,
216.930,270.005,50.000,177.000,416.000,239.000,0.000,42.4871074922589855,-70.9725007482789891,O,
217.367,270.005,50.000,179.000,416.000,237.000,0.000,42.4871075013401978,-70.9726378048914341,O,
217.804,270.005,50.000,182.000,416.000,234.000,0.000,42.4871075104214100,-70.9727748615038649,O,
218.241,270.005,50.000,179.000,416.000,237.000,0.000,42.4871075195026222,-70.9729119181163099,O,
218.678,270.005,50.000,175.000,416.000,241.000,0.000,42.4871075285838344,-70.9730489747287550,O,
219.115,270.005,50.000,170.000,416.000,246.000,0.000,42.4871075376650467,-70.9731860313412000,O,
219.552,270.005,50.000,164.000,416.000,252.000,0.000,42.4871075467462589,-70.9733230879536308,O,
219.989,270.005,50.000,160.000,416.000,256.000,0.000,42.4871075558274640,-70.9734601445660758,O,
220.426,270.005,50.000,155.000,416.000,261.000,0.000,42.4871075649086762,-70.9735972011785208,O,
220.863,270.005,50.000,151.000,416.000,265.000,0.000,42.4871075739898885,-70.9737342577909516,O,
221.299,270.005,50.000,148.000,416.000,268.000,0.000,42.4871075830711007,-70.9738713144033966,O,
221.736,270.005,50.000,146.000,416.000,270.000,0.000,42.4871075921523129,-70.9740083710158416,O,
222.173,270.005,50.000,143.000,416.000,273.000,0.000,42.4871076012335251,-70.9741454276282866,O,
222.610,270.005,50.000,141.000,416.000,275.000,-16.000,42.4871076103147303,-70.9742824842407174,O,
223.047,270.005,50.000,138.000,400.000,262.000,0.000,42.4871076193959425,-70.9744195408531624,O,
223.484,270.005,50.000,136.000,400.000,264.000,0.000,42.4871076284771547,-70.9745565974656074,O,
223.921,270.005,50.000,135.000,400.000,265.000,0.000,42.4871076375583669,-70.9746936540780524,O,
224.358,270.005,50.000,134.000,400.000,266.000,0.000,42.4871076466395792,-70.9748307106904832,O,
224.795,270.005,50.000,133.000,400.000,267.000,0.000,42.4871076557207914,-70.9749677673029282,O,
225.232,270.005,50.000,133.000,400.000,267.000,0.000,42.4871076648020036,-70.9751048239153732,O,
225.669,270.005,50.000,133.000,400.000,267.000,0.000,42.4871076738832087,-70.9752418805278040,O,
226.106,270.005,50.000,133.000,400.000,267.000,0.000,42.4871076829644210,-70.9753789371402490,O,
226.542,270.005,50.000,133.000,400.000,267.000,0.000,42.4871076920456332,-70.9755159937526940,O,
226.979,270.005,50.000,134.000,400.000,266.000,0.000,42.4871077011268454,-70.9756530503651391,O,
227.416,270.005,50.000,135.000,400.000,265.000,0.000,42.4871077102080577,-70.9757901069775698,O,
227.853,270.005,50.000,136.000,400.000,264.000,0.000,42.4871077192892699,-70.9759271635900149,O,
228.290,270.005,50.000,138.000,400.000,262.000,0.000,42.4871077283704750,-70.9760642202024599,O,
228.727,270.005,50.000,138.000,400.000,262.000,0.000,42.4871077374516872,-70.9762012768149049,O,
229.164,270.005,50.000,138.000,400.000,262.000,0.000,42.4871077465328995,-70.9763383334273357,O,
229.601,270.005,50.000,138.000,400.000,262.000,0.000,42.4871077556141117,-70.9764753900397807,O,
230.038,270.005,50.000,136.000,400.000,264.000,0.000,42.4871077646953239,-70.9766124466522257,O,
230.475,270.005,50.000,138.000,400.000,262.000,0.000,42.4871077737765361,-70.9767495032646565,O,
230.912,270.005,50.000,141.000,400.000,259.000,0.000,42.4871077828577484,-70.9768865598771015,O,
231.349,270.005,50.000,146.000,400.000,254.000,0.000,42.4871077919389535,-70.9770236164895465,O,
231.785,270.005,50.000,152.000,400.000,248.000,0.000,42.4871078010201657,-70.9771606731019915,O,
232.222,270.005,50.000,157.000,400.000,243.000,0.000,42.4871078101013779,-70.9772977297144223,O,
232.659,270.005,50.000,161.000,400.000,239.000,0.000,42.4871078191825902,-70.9774347863268673,O,
233.096,270.005,50.000,164.000,400.000,236.000,0.000,42.4871078282638024,-70.9775718429393123,O,
233.533,270.005,50.000,165.000,400.000,235.000,0.000,42.4871078373450146,-70.9777088995517573,O,
233.970,270.005,50.000,165.000,400.000,235.000,0.000,42.4871078464262197,-70.9778459561641881,O,
234.407,270.005,50.000,162.000,400.000,238.000,0.000,42.4871078555074320,-70.9779830127766331,O,
234.844,270.005,50.000,157.000,400.000,243.000,0.000,42.4871078645886442,-70.9781200693890781,O,
235.281,270.005,50.000,149.000,400.000,251.000,0.000,42.4871078736698564,-70.9782571260015231,O,
235.718,270.005,50.000,144.000,400.000,256.000,0.000,42.4871078827510686,-70.9783941826139539,O,
236.155,270.005,50.000,139.000,400.000,261.000,0.000,42.4871078918322809,-70.9785312392263990,O,
236.592,270.005,50.000,136.000,400.000,264.000,0.000,42.4871079009134931,-70.9786682958388440,O,
237.028,270.005,50.000,133.000,400.000,267.000,0.000,42.4871079099946982,-70.9788053524512748,O,
237.465,270.005,50.000,130.000,400.000,270.000,0.000,42.4871079190759104,-70.9789424090637198,O,
237.902,270.005,50.000,126.000,400.000,274.000,0.000,42.4871079281571227,-70.9790794656761648,O,
238.369,0.946,50.000,130.000,400.000,270.000,0.000,42.4872159933945710,-70.9790770447755079,O,
238.908,29.913,50.000,133.000,400.000,267.000,0.000,42.4873240532063789,-70.9789927382385741,O,
239.447,29.913,50.000,137.000,400.000,263.000,0.000,42.4874321130181798,-70.9789084317016403,O,
239.986,29.913,50.000,139.000,400.000,261.000,0.000,42.4875401728299806,-70.9788241251647207,O,
240.525,29.913,50.000,141.000,400.000,259.000,0.000,42.4876482326417815,-70.9787398186277869,O,
241.064,29.913,50.000,144.000,400.000,256.000,0.000,42.4877562924535894,-70.9786555120908531,O,
241.603,29.913,50.000,149.000,400.000,251.000,0.000,42.4878643522653903,-70.9785712055539193,O,
242.142,29.913,50.000,156.000,400.000,244.000,0.000,42.4879724120771911,-70.9784868990169855,O,
242.681,29.913,50.000,164.000,400.000,236.000,0.000,42.4880804718889991,-70.9784025924800517,O,
243.220,29.913,50.000,168.000,400.000,232.000,0.000,42.4881885317007999,-70.9783182859431179,O,
243.759,29.913,50.000,169.000,400.000,231.000,0.000,42.4882965915126007,-70.9782339794061983,O,
244.298,29.913,50.000,171.000,400.000,229.000,0.000,42.4884046513244087,-70.9781496728692645,O,
244.837,29.913,50.000,175.000,400.000,225.000,16.000,42.4885127111362095,-70.9780653663323307,O,
245.376,29.913,50.000,178.000,416.000,238.000,0.000,42.4886207709480104,-70.9779810597953968,O,
245.914,29.913,50.000,182.000,416.000,234.000,0.000,42.4887288307598112,-70.9778967532584630,O,
246.453,29.912,50.000,185.000,416.000,231.000,0.000,42.4888368905716192,-70.9778124467215292,O,
246.992,29.912,50.000,188.000,416.000,228.000,0.000,42.4889449503834200,-70.9777281401845954,O,
247.531,29.912,50.000,190.000,416.000,226.000,16.000,42.4890530101952208,-70.9776438336476758,O,
248.070,29.912,50.000,192.000,432.000,240.000,0.000,42.4891610700070288,-70.9775595271107420,O,
248.609,29.912,50.000,196.000,432.000,236.000,0.000,42.4892691298188296,-70.9774752205738082,O,
249.148,29.912,50.000,200.000,432.000,232.000,0.000,42.4893771896306305,-70.9773909140368744,O,
249.687,29.912,50.000,202.000,432.000,230.000,0.000,42.4894852494424384,-70.9773066074999406,O,
250.226,29.912,50.000,202.000,432.000,230.000,0.000,42.4895933092542393,-70.9772223009630068,O,
250.765,29.912,50.000,201.000,432.000,231.000,0.000,42.4897013690660401,-70.9771379944260872,O,
251.304,29.912,50.000,201.000,432.000,231.000,0.000,42.4898094288778410,-70.9770536878891534,O,
251.843,29.912,50.000,201.000,432.000,231.000,0.000,42.4899174886896489,-70.9769693813522196,O,
252.382,29.912,50.000,198.000,432.000,234.000,0.000,42.4900255485014497,-70.9768850748152857,O,
252.920,29.912,50.000,192.000,432.000,240.000,0.000,42.4901336083132506,-70.9768007682783519,O,
253.459,29.912,50.000,186.000,432.000,246.000,0.000,42.4902416681250585,-70.9767164617414181,O,
253.998,29.912,50.000,181.000,432.000,251.000,0.000,42.4903497279368594,-70.9766321552044843,O,
254.537,29.912,50.000,176.000,432.000,256.000,0.000,42.4904577877486602,-70.9765478486675647,O,
255.061,92.713,50.000,168.000,432.000,264.000,0.000,42.4904520520849260,-70.9763837172629053,O,
255.600,150.096,50.000,166.000,432.000,266.000,0.000,42.4903439787290651,-70.9762994280889217,O,
256.139,150.096,50.000,165.000,432.000,267.000,0.000,42.4902359053732113,-70.9762151389149523,O,
256.678,150.096,50.000,167.000,432.000,265.000,0.000,42.4901278320173574,-70.9761308497409686,O,
257.217,150.096,50.000,171.000,432.000,261.000,0.000,42.4900197586614965,-70.9760465605669850,O,
257.756,150.096,50.000,174.000,432.000,258.000,0.000,42.4899116853056427,-70.9759622713930014,O,
258.295,150.096,50.000,179.000,432.000,253.000,0.000,42.4898036119497888,-70.9758779822190320,O,
258.834,150.096,50.000,183.000,432.000,249.000,0.000,42.4896955385939279,-70.9757936930450484,O,
259.373,150.096,50.000,185.000,432.000,247.000,0.000,42.4895874652380741,-70.9757094038710648,O,
259.911,150.096,50.000,187.000,432.000,245.000,0.000,42.4894793918822202,-70.9756251146970811,O,
260.450,150.096,50.000,185.000,432.000,247.000,0.000,42.4893713185263593,-70.9755408255230975,O,
260.989,150.096,50.000,180.000,432.000,252.000,0.000,42.4892632451705055,-70.9754565363491281,O,
261.528,150.096,50.000,176.000,432.000,256.000,0.000,42.4891551718146516,-70.9753722471751445,O,
262.067,150.096,50.000,173.000,432.000,259.000,0.000,42.4890470984587907,-70.9752879580011609,O,
262.606,150.096,50.000,171.000,432.000,261.000,0.000,42.4889390251029369,-70.9752036688271772,O,
263.145,150.096,50.000,170.000,432.000,262.000,0.000,42.4888309517470830,-70.9751193796532078,O,
263.684,150.096,50.000,167.000,432.000,265.000,0.000,42.4887228783912292,-70.9750350904792242,O,
264.223,150.096,50.000,165.000,432.000,267.000,0.000,42.4886148050353682,-70.9749508013052406,O,
264.762,150.096,50.000,162.000,432.000,270.000,0.000,42.4885067316795144,-70.9748665121312570,O,
265.301,150.096,50.000,158.000,432.000,274.000,-16.000,42.4883986583236606,-70.9747822229572733,O,
265.840,150.096,50.000,153.000,416.000,263.000,0.000,42.4882905849677996,-70.9746979337833039,O,
266.379,150.096,50.000,151.000,416.000,265.000,0.000,42.4881825116119458,-70.9746136446093203,O,
266.918,150.095,50.000,150.000,416.000,266.000,0.000,42.4880744382560920,-70.9745293554353367,O,
267.457,150.095,50.000,150.000,416.000,266.000,0.000,42.4879663649002310,-70.9744450662613531,O,
267.996,150.095,50.000,151.000,416.000,265.000,0.000,42.4878582915443772,-70.9743607770873837,O,
268.535,150.095,50.000,153.000,416.000,263.000,0.000,42.4877502181885234,-70.9742764879134000,O,
269.074,150.095,50.000,154.000,416.000,262.000,0.000,42.4876421448326624,-70.9741921987394164,O,
269.613,150.095,50.000,153.000,416.000,263.000,0.000,42.4875340714768086,-70.9741079095654328,O,
270.151,150.095,50.000,152.000,416.000,264.000,0.000,42.4874259981209548,-70.9740236203914492,O,
270.690,150.095,50.000,150.000,416.000,266.000,0.000,42.4873179247650938,-70.9739393312174798,O,
271.229,150.095,50.000,148.000,416.000,268.000,0.000,42.4872098514092400,-70.9738550420434962,O,
271.768,150.095,50.000,150.000,416.000,266.000,0.000,42.4871017780533862,-70.9737707528695125,O,
272.307,150.095,50.000,152.000,416.000,264.000,0.000,42.4869937046975252,-70.9736864636955289,O,
272.846,150.095,50.000,154.000,416.000,262.000,0.000,42.4868856313416714,-70.9736021745215595,O,
273.385,150.095,50.000,156.000,416.000,260.000,0.000,42.4867775579858176,-70.9735178853475759,O,
273.924,150.095,50.000,157.000,416.000,259.000,0.000,42.4866694846299566,-70.9734335961735923,O,
274.463,150.095,50.000,158.000,416.000,258.000,0.000,42.4865614112741028,-70.9733493069996086,O,
275.002,150.095,50.000,157.000,416.000,259.000,0.000,42.4864533379182490,-70.9732650178256250,O,
275.541,150.095,50.000,154.000,416.000,262.000,0.000,42.4863452645623880,-70.9731807286516556,O,
276.080,150.095,50.000,151.000,416.000,265.000,0.000,42.4862371912065342,-70.9730964394776720,O,
276.619,150.095,50.000,149.000,416.000,267.000,0.000,42.4861291178506804,-70.9730121503036884,O,
277.158,150.095,50.000,146.000,416.000,270.000,0.000,42.4860210444948194,-70.9729278611297048,O,
277.697,150.095,50.000,143.000,416.000,273.000,-16.000,42.4859129711389656,-70.9728435719557353,O,
278.236,150.095,50.000,140.000,400.000,260.000,0.000,42.4858048977831118,-70.9727592827817517,O,
278.775,150.095,50.000,137.000,400.000,263.000,0.000,42.4856968244272508,-70.9726749936077681,O,
279.314,150.094,50.000,131.000,400.000,269.000,-16.000,42.4855887510713970,-70.9725907044337845,O,
279.853,150.094,50.000,123.000,384.000,261.000,0.000,42.4854806777155432,-70.9725064152598009,O,
280.392,150.094,50.000,112.000,384.000,272.000,-16.000,42.4853726043596822,-70.9724221260858315,O,
280.931,150.094,50.000,102.000,368.000,266.000,0.000,42.4852645310038284,-70.9723378369118478,O,
281.470,150.094,50.000,95.000,368.000,273.000,-16.000,42.4851564576479745,-70.9722535477378642,O,
282.008,150.094,50.000,90.000,352.000,262.000,0.000,42.4850483842921207,-70.9721692585638806,O,
282.547,150.094,50.000,89.000,352.000,263.000,0.000,42.4849403109362598,-70.9720849693899112,O,
283.086,150.094,50.000,89.000,352.000,263.000,0.000,42.4848322375804059,-70.9720006802159276,O,
283.625,150.094,50.000,89.000,352.000,263.000,0.000,42.4847241642245521,-70.9719163910419439,O,
284.164,150.094,50.000,89.000,352.000,263.000,0.000,42.4846160908686912,-70.9718321018679603,O,
284.703,150.094,50.000,89.000,352.000,263.000,0.000,42.4845080175128373,-70.9717478126939767,O,
285.242,150.094,50.000,89.000,352.000,263.000,0.000,42.4843999441569835,-70.9716635235200073,O,
285.781,150.094,50.000,89.000,352.000,263.000,0.000,42.4842918708011226,-70.9715792343460237,O,
286.320,150.094,50.000,89.000,352.000,263.000,0.000,42.4841837974452687,-70.9714949451720400,O,
286.859,150.094,50.000,89.000,352.000,263.000,0.000,42.4840757240894149,-70.9714106559980564,O,
287.398,150.094,50.000,89.000,352.000,263.000,0.000,42.4839676507335540,-70.9713263668240870,O,
287.937,150.094,50.000,89.000,352.000,263.000,0.000,42.4838595773777001,-70.9712420776501034,O,
288.476,150.094,50.000,89.000,352.000,263.000,0.000,42.4837515040218463,-70.9711577884761198,O,
288.937,205.388,50.000,89.000,352.000,263.000,0.000,42.4836552248013959,-70.9712197473801893,O,
289.374,270.005,50.000,89.000,352.000,263.000,0.000,42.4836552338820113,-70.9713568039926201,O,
289.811,270.005,50.000,89.000,352.000,263.000,0.000,42.4836552429626337,-70.9714938606050652,O,
290.247,270.005,50.000,89.000,352.000,263.000,0.000,42.4836552520432491,-70.9716309172175102,O,
290.684,270.005,50.000,89.000,352.000,263.000,0.000,42.4836552611238716,-70.9717679738299552,O,
291.121,270.005,50.000,89.000,352.000,263.000,0.000,42.4836552702044870,-70.9719050304423860,O,
291.558,270.005,50.000,89.000,352.000,263.000,0.000,42.4836552792851094,-70.9720420870548310,O,
291.995,270.005,50.000,89.000,352.000,263.000,0.000,42.4836552883657248,-70.9721791436672760,O,
292.432,270.005,50.000,89.000,352.000,263.000,0.000,42.4836552974463473,-70.9723162002797210,O,
292.869,270.005,50.000,89.000,352.000,263.000,0.000,42.4836553065269626,-70.9724532568921518,O,
293.306,270.005,50.000,89.000,352.000,263.000,0.000,42.4836553156075851,-70.9725903135045968,O,
293.743,270.005,50.000,89.000,352.000,263.000,0.000,42.4836553246882005,-70.9727273701170418,O,
294.180,270.005,50.000,89.000,352.000,263.000,0.000,42.4836553337688230,-70.9728644267294868,O,
294.617,270.005,50.000,89.000,352.000,263.000,0.000,42.4836553428494454,-70.9730014833419176,O,
295.054,270.005,50.000,89.000,352.000,263.000,0.000,42.4836553519300608,-70.9731385399543626,O,
295.491,270.005,50.000,89.000,352.000,263.000,0.000,42.4836553610106833,-70.9732755965668076,O,
295.928,270.005,50.000,89.000,352.000,263.000,0.000,42.4836553700912987,-70.9734126531792384,O,
296.365,270.005,50.000,89.000,352.000,263.000,0.000,42.4836553791719211,-70.9735497097916834,O,
296.802,270.005,50.000,89.000,352.000,263.000,0.000,42.4836553882525365,-70.9736867664041284,O,
297.238,270.005,50.000,89.000,352.000,263.000,0.000,42.4836553973331590,-70.9738238230165734,O,
297.675,270.005,50.000,89.000,352.000,263.000,0.000,42.4836554064137744,-70.9739608796290042,O,
298.112,270.005,50.000,89.000,352.000,263.000,0.000,42.4836554154943968,-70.9740979362414492,O,
298.549,270.005,50.000,89.000,352.000,263.000,0.000,42.4836554245750122,-70.9742349928538943,O,
298.986,270.005,50.000,89.000,352.000,263.000,0.000,42.4836554336556347,-70.9743720494663393,O,
299.423,270.005,50.000,89.000,352.000,263.000,0.000,42.4836554427362501,-70.9745091060787701,O,
299.860,270.005,50.000,89.000,352.000,263.000,0.000,42.4836554518168725,-70.9746461626912151,O,
300.297,270.005,50.000,89.000,352.000,263.000,0.000,42.4836554608974950,-70.9747832193036601,O,
300.734,270.005,50.000,89.000,352.000,263.000,0.000,42.4836554699781104,-70.9749202759160909,O,
301.171,270.005,50.000,89.000,352.000,263.000,0.000,42.4836554790587329,-70.9750573325285359,O,
301.608,270.005,50.000,89.000,352.000,263.000,0.000,42.4836554881393482,-70.9751943891409809,O,
302.045,270.005,50.000,94.000,352.000,258.000,0.000,42.4836554972199707,-70.9753314457534259,O,
302.482,270.005,50.000,108.000,352.000,244.000,0.000,42.4836555063005861,-70.9754685023658567,O,
302.919,270.005,50.000,116.000,352.000,236.000,0.000,42.4836555153812085,-70.9756055589783017,O,
303.356,270.005,50.000,115.000,352.000,237.000,0.000,42.4836555244618239,-70.9757426155907467,O,
303.793,270.005,50.000,114.000,352.000,238.000,0.000,42.4836555335424464,-70.9758796722031917,O,
304.230,270.005,50.000,115.000,352.000,237.000,0.000,42.4836555426230618,-70.9760167288156225,O,
304.666,270.005,50.000,115.000,352.000,237.000,0.000,42.4836555517036842,-70.9761537854280675,O,
305.103,270.005,50.000,117.000,352.000,235.000,0.000,42.4836555607842996,-70.9762908420405125,O,
305.540,270.005,50.000,119.000,352.000,233.000,0.000,42.4836555698649221,-70.9764278986529575,O,
306.028,16.592,50.000,120.000,352.000,232.000,0.000,42.4837636316462124,-70.9763842379019252,O,
306.567,29.915,50.000,119.000,352.000,233.000,0.000,42.4838716907344676,-70.9762999304375910,O,
307.106,29.915,50.000,119.000,352.000,233.000,0.000,42.4839797498227298,-70.9762156229732710,O,
307.645,29.915,50.000,120.000,352.000,232.000,0.000,42.4840878089109921,-70.9761313155089510,O,
308.183,29.915,50.000,121.000,352.000,231.000,0.000,42.4841958679992473,-70.9760470080446311,O,
308.722,29.915,50.000,122.000,352.000,230.000,0.000,42.4843039270875096,-70.9759627005802969,O,
309.261,29.915,50.000,120.000,352.000,232.000,0.000,42.4844119861757719,-70.9758783931159769,O,
309.800,29.915,50.000,123.000,352.000,229.000,0.000,42.4845200452640270,-70.9757940856516569,O,
310.339,29.915,50.000,127.000,352.000,225.000,16.000,42.4846281043522893,-70.9757097781873370,O,
310.878,29.915,50.000,132.000,368.000,236.000,0.000,42.4847361634405516,-70.9756254707230028,O,
311.417,29.914,50.000,139.000,368.000,229.000,16.000,42.4848442225288139,-70.9755411632586828,O,
311.956,29.914,50.000,147.000,384.000,237.000,0.000,42.4849522816170690,-70.9754568557943628,O,
312.495,29.914,50.000,151.000,384.000,233.000,0.000,42.4850603407053313,-70.9753725483300286,O,
313.034,29.914,50.000,150.000,384.000,234.000,0.000,42.4851683997935936,-70.9752882408657086,O,
313.573,29.914,50.000,148.000,384.000,236.000,0.000,42.4852764588818488,-70.9752039334013887,O,
314.112,29.914,50.000,138.000,384.000,246.000,0.000,42.4853845179701111,-70.9751196259370687,O,
314.651,29.914,50.000,129.000,384.000,255.000,0.000,42.4854925770583733,-70.9750353184727345,O,
315.190,29.914,50.000,122.000,384.000,262.000,0.000,42.4856006361466285,-70.9749510110084145,O,
315.729,29.914,50.000,116.000,384.000,268.000,0.000,42.4857086952348908,-70.9748667035440945,O,
316.267,29.914,50.000,112.000,384.000,272.000,0.000,42.4858167543231531,-70.9747823960797604,O,
316.806,29.914,50.000,113.000,384.000,271.000,0.000,42.4859248134114083,-70.9746980886154404,O,
317.345,29.914,50.000,114.000,384.000,270.000,0.000,42.4860328724996705,-70.9746137811511204,O,
317.884,29.914,50.000,118.000,384.000,266.000,0.000,42.4861409315879328,-70.9745294736868004,O,
318.423,29.914,50.000,123.000,384.000,261.000,0.000,42.4862489906761880,-70.9744451662224662,O,
318.962,29.914,50.000,127.000,384.000,257.000,0.000,42.4863570497644503,-70.9743608587581463,O,
319.501,29.914,50.000,130.000,384.000,254.000,0.000,42.4864651088527125,-70.9742765512938263,O,
320.040,29.914,50.000,132.000,384.000,252.000,0.000,42.4865731679409677,-70.9741922438295063,O,
320.579,29.914,50.000,136.000,384.000,248.000,0.000,42.4866812270292300,-70.9741079363651721,O,
321.118,29.914,50.000,141.000,384.000,243.000,0.000,42.4867892861174923,-70.9740236289008521,O,
321.657,29.914,50.000,145.000,384.000,239.000,0.000,42.4868973452057546,-70.9739393214365322,O,
322.196,29.914,50.000,148.000,384.000,236.000,-16.000,42.4870054042940097,-70.9738550139721980,O,
336.946,29.914,0.000,148.000,148.000,0.000,0.000,42.4870054042940097,-70.9738550139721980,O,
